image_width: 848
image_height: 800
camera_name: cam0
camera_matrix:
  rows: 3
  cols: 3
  data: [286.722, 0.0, 417.542, 0.0, 286.813, 391.441, 0.0, 0.0, 1.0]
distortion_model: equidistant
distortion_coefficients:
  rows: 1
  cols: 4
  data: [-0.00497281, 0.0396273, -0.038639, 0.00684455]
