image_width: 848
image_height: 800
camera_name: cam1
camera_matrix:
  rows: 3
  cols: 3
  data: [285.283, 0.0, 417.569, 0.0, 285.291, 388.419, 0.0, 0.0, 1.0]
distortion_model: equidistant
distortion_coefficients:
  rows: 1
  cols: 4
  data: [-0.00670993, 0.0416332, -0.0396193, 0.00694711]
