image_width: 640
image_height: 480
camera_name: cam1
camera_matrix:
  rows: 3
  cols: 3
  data: [390.377923339, 0.0, 320.290865108, 0.0, 390.218297449, 239.00512226, 0.0, 0.0, 1.0]
distortion_model: plumb_bob
distortion_coefficients:
  rows: 1
  cols: 5
  data: [0.0038515643505, 0.000309354323864, 0.00106819184905, 0.000209328680533, 0.0]

